10648
9819
6079
5467
4863
9750
4336
585
3369
1095
5158
6943
4328
8732
10190
8248
4101
4828
329
746
578
3793
4035
3436
4481
4169
4386
3277
662
3774
6219
2663
4945
3650
8130
1161
4752
1467
1746
10473
4914
6904
8768
9242
4636
7958
8842
8737
4138
523
836
4717
4316
4871
10505
8798
392
3891
3427
3407
10017
998
6070
3963
4648
5552
5124
9400
9371
6870
8874
3285
2775
6642
3879
9763
5953
4074
9853
10091
4597
10689
6160
8914
6912
5666
9064
9656
909
1491
2063
10927
2490
10485
6242
9490
5038
366
10243
3409
9588
8117
9047
3715
6111
1926
2479
3416
6000
3684
4860
10598
3373
20
10864
1637
8038
8928
293
8948
1771
4709
227
6613
4194
6469
5104
584
9187
4347
3994
7775
3816
4393
491
1279
6319
5322
4696
3672
9006
908
5622
3731
928
5486
5368
319
5766
8013
9267
7537
1722
9494
5503
5917
7315
10607
8853
5502
6306
1847
2277
1474
8592
5120
5105
6264
10442
9801
9936
8448
10709
6910
1179
2990
1396
8899
3309
9514
8265
3928
8403
9987
4774
2906
7256
1089
4865
5110
8943
171
9309
2572
3997
6902
7693
9103
2166
9487
10256
3454
9288
1318
10364
1819
4308
3112
10719
9969
1626
7984
5249
10029
9323
10023
4288
7932
2464
9153
2042
407
677
2703
2979
4674
957
2024
2777
3123
512
2034
8929
1152
5704
10645
2971
10012
2757
5042
333
6735
2026
5582
5765
2702
6957
10053
10634
9421
10558
4028
9828
235
6731
4159
4910
7689
8536
10039
2164
9048
3425
94
10200
9129
10739
4523
10493
4849
9566
2178
584
2944
7760
8701
5646
6069
10106
5280
4490
9665
9308
5670
9900
7392
1182
6162
4081
9718
7554
6245
10118
2331
8691
670
461
10783
5193
2306
4632
3759
4485
5216
6704
3597
5270
3702
9667
4376
335
5509
3041
9643
180
4294
8387
1362
1808
1468
2432
714
10066
1550
3046
7757
2220
3507
7540
7413
8165
3524
2525
1650
93
581
5248
5363
4283
6267
9739
4618
776
4133
5614
3308
8427
3001
4670
1587
6822
7102
2302
5888
4
5348
2645
2224
207
1538
990
8372
7414
5867
1375
7507
6448
8975
4222
2083
4242
2962
6702
7370
7095
3668
10679
6874
9021
4349
10813
4843
2804
2115
10731
2808
9815
4729
7385
1374
8619
10727
1099
5033
5594
2474
1541
1042
449
5763
3125
7043
77
1179
3413
9524
7199
3092
7750
5221
9794
7564
10064
3950
1031
9796
9110
2199
5877
5495
3573
3496
5222
7024
8529
10816
9498
1422
3210
1299
9538
8688
8342
967
1219
3108
10492
8419
6200
7242
2640
4994
6158
4056
296
9542
2852
9407
741
81
6254
6666
3577
2829
2691
3459
4997
3541
4881
8208
4841
5771
8248
4535
6739
9467
7643
8583
6886
5196
7177
878
1542
4688
4935
1839
3230
10139
246
3971
10221
6500
1989
5150
9329
7032
8609
3327
10574
4843
2887
6767
10614
135
2654
8705
954
1650
8640
7841
6846
4818
71
8388
9506
5006
10227
4088
4146
1825
10411
5719
10678
1400
10869
359
8433
8479
6038
10359
2322
277
8478
4288
412
132
4346
3719
1782
1986
2912
8628
9156
2983
8369
10014
7990
9948
3102
3488
774
2513
559
2804
6266
428
3163
6051
259
554
5410
4933
831
2888
9222
3596
3020
4920
7315
7155
9258
10227
4783
7415
2210
4504
8781
1552
3453
3236
7392
6579
5749
7951
9383
3367
10732
3898
9418
10991
4452
3828
4925
7636
9068
5499
232
3441
10419
9899
10596
29
9126
6731
9796
2688
2588
7578
6593
6041
10814
5337
1620
7915
2289
3
283
2021
6253
9701
4364
10706
4882
9289
7342
5302
3788
9926
95
5559
8825
10691
7941
9303
8775
6737
991
363
5667
9936
8756
5481
4274
10376
4749
8915
1731
5032
2288
7984
6085
6652
10042
2319
7294
8736
9974
2434
7662
10069
10346
7839
1113
7287
6142
9888
3024
9486
1603
44
8422
10359
5525
4048
1087
10274
4315
2818
6658
6603
2154
4096
4608
1197
6415
3254
1285
7741
5688
300
6811
5034
8139
7924
3673
3282
9164
9050
4120
10767
9094
3894
1478
5971
7943
2565
7598
3610
5383
3256
1566
9889
7352
6174
2438
5120
780
3724
1861
6468
4024
24
2855
3515
7948
8880
6797
8464
6930
2269
10583
7376
6164
1061
2348
3107
3626
9946
9069
361
4554
10635
10251
907
8161
4041
8379
8941
7765
1592
6762
3141
1617
9617
6657
917
9849
4806
9382
5780
7076
8965
2156
2240
1379
6856
7699
5005
5802
8120
7719
10357
7756
9322
2616
4917
2363
2347
2859
10129
3939
9621
4622
5556
10590
279
6474
9439
7438
7208
6571
5866
5173
80
10458
6552
6936
9509
2910
4091
6629
1981
5800
3385
303
10768
8303
2666
2115
2514
4147
6054
1135
8770
2963
725
401
789
1516
7839
7997
8088
5057
4522
8168
4515
2427
4104
3024
5337
10547
9654
7318
5347
2039
9973
7467
1694
1639
9582
4208
5787
6989
7695
3557
9952
10772
6310
10741
1289
3150
7738
9377
10559
1260
8897
4075
6039
4353
7099
376
3901
8105
10046
600
10145
9019
8068
3191
2011
9002
7400
7798
4991
4095
2707
3943
3868
9017
3684
5157
3519
2774
5886
3079
6387
3783
7154
1426
8136
5605
4155
3389
2711
5553
3990
4208
5925
3410
7399
7936
1412
3799
7086
6404
10247
9793
1699
3115
10162
5384
10624
5034
10510
7862
10465
5897
2997
8971
7324
2485
3576
479
5875
8639
8384
1217
1847
3309
6979
9247
245
8391
4398
7331
6147
5997
8476
7847
464
9991
4583
88
4025
4093
10302
5842
9991
2299
3813
8667
4785
7389
498
2012
7381
8882
5581
9228
1192
1560
9827
3789
9951
5578
2473
7451
575
2301
4298
1040
1292
8881
3480
7669
4326
5135
2511
5669
7434
6324
3336
3571
5066
3834
7935
1447
4069
2516
2027
5261
4076
3207
9050
3028
8785
523
1831
712
5177
6129
4104
6469
6362
7585
5491
10688
1720
8002
7710
506
5679
46
6430
2097
6233
3365
5896
10302
5882
7923
6915
9958
2482
7317
4338
267
10193
6169
3332
4370
1298
7436
2191
10012
4021
7682
1053
8093
7037
8763
10952
4068
161
6382
6165
8746
9747
3413
10400
4629
336
6315
3588
2819
4985
7926
5438
4178
3096
8770
10900
6746
5207
2091
8111
580
1126
9164
26
8163
9279
10978
1231
9440
6360
9748
7187
5107
2161
6587
9737
4849
4255
4677
10020
592
3955
4459
7122
9403
4581
7022
7502
1140
465
4613
4073
1591
2777
4099
9754
1056
4077
2337
1848
1789
1085
387
6896
5598
6975
7985
10448
2582
4014
9468
3174
7970
5279
10296
8725
1213
8670
5227
2353
9135
9840
8778
10727
3969
1877
833
7377
8306
3171
9226
10095
6608
965
8344
1207
10292
7681
655
1874
696
1475
7400
18
6755
9048
8743
7968
6718
2971
1673
4854
4163
10452
6933
8133
3681
7766
4510
988
10937
5088
2435
8898
6054
10779
10105
5346
9813
2112
9573
10509
3587
5973
1879
1694
6374
10622
1014
2092
2593
2688
9298
6757
4492
5231
6242
8173
1998
2104
513
4287
7193
2949
2185
4599
5080
1290
1297
3893
3402
10870
5754
9342
8196
7633
36
3570
7256
1051
8014
1201
6091
6313
10310
10583
544
7904
7756
4894
10009
8270
9182
8554
2571
367
2153
7651
4010
5802
2897
9764
5673
8651
8106
5221
5285
10495
143
3893
546
8157
7446
8989
3470
9109
8572
4015
6013
7680
8909
5022
7302
9443
2576
9873
1163
7081
8877
5173
1884
774
6289
9909
777
5748
4130
8414
5243
4273
3659
8141
3782
106
6130
7253
9215
6054
2620
4228
5086
529
603
1389
1325
3179
2614
2488
10261
2843
10013
3497
5969
5302
2406
6747
2402
8888
4161
7645
2161
10173
7138
8295
10279
4620
4548
10846
2026
7168
6426
7113
10050
7029
8502
375
1561
2468
2863
3174
5312
1876
6671
281
9530
429
7028
933
9317
2542
10930
2830
4067
9421
125
5698
3041
4674
5544
7420
3194
3322
3533
4596
10352
3387
4971
3265
5855
10186
6439
2519
3414
4462
2801
1945
4891
1181
5230
3208
6075
5160
6038
10142
3581
6163
4840
8975
2189
1736
5395
7736
5059
280
1332
6763
3667
6304
10028
874
7842
7819
3394
257
3633
8547
4554
8524
9728
9784
3084
7156
6296
9122
6298
9878
6637
2491
10205
179
4227
6952
7915
9286
7232
9247
7401
2251
6903
6429
3125
3746
5600
8871
4003
9233
6418
10909
9109
7499
9693
1193
3655
4989
1667
9953
6219
10657
3796
5424
10836
8024
3728
10103
8662
2312
8350
5064
4563
6606
2845
10041
10352
8446
10264
5707
6679
5683
5616
7141
4534
6661
8334
8189
650
10002
9494
6870
1011
2291
3646
3199
10315
9727
2302
10329
1039
2004
4393
7955
8610
7239
6996
10314
4685
6260
5021
2716
3295
1989
9857
7829
8650
9544
5018
653
10898
5865
9875
909
8156
4873
4108
9823
3600
8762
9152
4640
10766
4898
1595
10729
1137
10943
10043
8174
8555
6417
2242
851
8406
3452
32
8409
4348
7403
9062
4246
2268
10289
7507
10424
4162
2967
599
7763
3081
1103
3755
2847
6001
7702
4928
9490
7645
3972
9016
7552
10389
2611
8403
10147
6063
10788
9908
1763
7191
10322
8361
9459
9611
4868
235
2774
10187
834
1889
2268
1937
5644
7467
10291
4698
1396
8781
3695
5368
9150
247
7109
761
3
8608
9176
10791
7517
10939
6982
6839
8300
5441
7803
4520
5676
10577
3707
8862
1466
8327
10799
9462
4794
1442
3160
6190
10224
9207
2910
8374
9454
10019
487
9457
9980
9663
600
8849
954
7582
7040
9254
4375
3843
5126
10051
3420
8833
7913
7238
6160
10065
8052
10954
507
2564
8497
2083
771
407
1809
10226
1779
2296
35
759
3311
636
9608
4265
10570
5648
2519
3946
844
9997
5349
4264
7830
2263
2855
5342
3680
2259
7649
6539
4824
5146
8623
5595
7905
1784
7173
9684
6433
9561
10443
9744
1549
403
3010
1119
8404
7881
5065
9248
6879
10415
4864
6061
4030
7719
404
10062
9979
10405
5601
6155
6903
5576
3102
3808
9713
10276
4845
5146
189
6640
3890
1738
7044
6900
2857
4448
6134
10275
5048
2013
9690
9912
10426
5072
8984
2182
4134
10315
1587
1087
5470
10842
9016
8572
6003
7729
10200
10848
1875
10389
6488
5765
1127
4884
4018
6337
684
1504
5612
5732
3517
6654
4645
5295
726
4981
7478
7212
4296
9065
10651
9766
8908
8667
9690
6263
5396
8891
6111
9623
10632
3951
4389
760
8836
10759
7097
9520
1263
4061
6605
7132
10715
2602
1427
2793
7583
8905
1357
3231
9323
1008
4349
9583
1028
3039
4846
6424
3282
10957
5048
2915
3908
789
6027
4096
2900
2124
2617
4163
8537
574
2647
8252
3176
4074
2397
10759
4332
3754
2990
2655
4762
9691
3590
8142
1730
8436
3567
5013
10745
10967
10280
3653
3108
5307
7750
6008
9783
1719
1523
7320
2293
4170
6924
7821
10596
9321
9932
6280
2075
4274
287
9189
2965
3877
6332
4695
1313
1251
1060
1058
3570
2692
7064
9030
7999
6166
4038
9134
10237
7913
5454
3882
3435
3730
703
5383
2051
10635
664
6478
6261
951
7020
9226
4829
4704
5273
8494
8307
8686
9553
877
378
7969
9907
10730
3135
5297
8864
4724
2210
5671
8606
7997
9401
9309
2380
2805
296
3044
635
8909
6348
7655
7135
2529
3711
3760
23
1018
1446
928
1895
4177
8897
3154
3907
3384
8451
4123
8108
2013
9794
5714
10010
10548
6375
3743
4705
9023
9139
5340
6932
4487
4348
3067
7016
8059
9180
9392
9078
10626
10320
2325
6155
8218
5480
10062
602
5283
3186
63
9649
4332
5777
11
6232
1153
3754
2289
10176
4246
9982
6109
85
3330
528
7102
2741
9708
7846
3171
687
7166
5497
6842
6736
2329
8257
7339
9964
2795
7402
8613
9479
4531
8625
4712
8036
3731
9353
9565
10329
8335
7026
10415
665
7554
8869
5759
8615
5715
8930
654
1881
5779
9848
8618
10460
7105
7309
9425
1252
6063
9390
10732
1946
9367
6796
9983
2099
5149
8548
1428
2485
4574
3195
5502
3480
1064
261
3447
6779
544
6453
8661
8675
5302
8631
8136
3759
7292
8913
5012
2355
7303
7096
4301
5671
2892
5636
10122
8041
3184
2902
1878
10110
6098
7381
2591
7162
9994
8390
2942
1890
3844
2955
10566
9146
2938
10054
4257
10230
7967
621
3937
4270
7717
10590
1293
10609
5227
415
10003
8411
3318
3233
7522
768
10614
1465
7930
961
9855
2224
5203
5051
7531
7121
5549
10469
6175
9807
1051
3142
10428
4988
9765
9498
4579
58
9107
9806
2826
10462
9569
6144
2696
8443
6912
4662
9908
6194
7975
116
8419
2179
7519
7302
9300
2069
9124
6828
3228
10175
1322
2656
6516
2439
3506
2447
2498
3966
3605
5324
3428
4526
2820
8476
1970
1084
4491
3230
7278
1466
5698
7049
5997
2218
3352
6650
6639
1476
2478
9867
3003
6152
1523
871
8592
5030
5670
2442
348
627
7766
3776
5154
1938
3605
9476
3022
8096
1706
1652
9562
9757
8702
4560
3327
3406
2562
9966
7234
5040
8833
1589
192
1708
2461
136
9090
10483
2578
9438
111
1696
4567
7617
3634
8172
6093
9008
5268
10151
10661
6182
8908
10715
10742
1235
3121
2304
2553
1707
9696
386
3296
1241
2095
8109
1377
2537
7593
3956
976
10056
5652
5543
6673
9287
2715
1766
9647
10335
917
9308
5517
1178
9023
7612
4765
3496
1268
7319
5203
10965
10057
8500
3558
3504
7961
4935
6042
6906
243
9370
5962
5896
6265
3987
6535
8980
5753
5182
10667
9023
5843
5184
1553
6218
1796
8670
9715
5417
4989
6270
5382
6399
6122
292
1255
3084
5227
7297
9990
5471
8019
7305
2719
3284
292
9254
3616
8398
5788
3283
6421
2983
10820
10326
9202
3968
7996
10269
9385
4338
5539
3767
10737
662
4059
992
3746
639
10642
5088
8462
10013
3745
181
2298
4038
787
5914
1436
8927
550
10209
911
370
9535
10113
4338
8883
9382
5076
2221
6273
195
4310
6935
6607
5303
2033
7246
7297
9474
4708
6310
2219
7241
10960
6257
10380
5875
10045
8307
8777
9254
9218
499
10141
10683
7189
8025
417
1265
10246
6691
1461
3557
2626
8068
212
7012
6666
9861
5486
2726
5171
7705
9967
5132
5315
699
2359
4360
9006
2488
4967
9577
2987
6460
612
1528
5837
1030
2794
7436
10073
6607
2345
4051
6027
2557
63
1693
3770
5549
6771
293
4607
8090
5425
9922
8789
10136
5634
6795
3976
1953
7724
9315
8414
8337
10844
3251
719
4990
10687
10792
2949
2032
3843
8976
6941
3907
2021
10711
808
8792
5
5415
5882
7782
6689
3671
9271
3676
1818
2247
5629
9543
2915
3043
9232
2759
8647
9951
10101
10686
9743
2050
4071
4938
26
2364
8845
2047
2076
1006
2191
4433
6421
8073
3567
4463
3096
1838
8139
4914
6438
2768
5809
705
8164
4041
3464
8163
5344
4917
10201
4087
6967
3272
9026
9345
5637
9223
392
10065
10229
2583
5850
8003
2008
9417
3818
5104
2608
957
10018
398
6077
7180
1103
5593
2573
6919
5108
7918
836
4310
1005
7803
9934
1383
6148
4571
1959
8892
5988
3540
2827
838
543
4835
10256
4361
1291
4216
7670
2661
4614
5100
9841
5717
10693
1415
1636
7154
9333
4824
464
1690
3979
1750
5426
10127
8674
9737
10371
3662
2277
4550
4501
2821
9385
6109
9534
2028
10325
8557
4689
6291
2657
5883
1008
4702
7298
4996
856
7983
1172
3672
1025
5151
5423
6451
4278
3097
7540
6001
9111
9818
10551
4964
3991
288
73
2525
2316
1750
2434
9357
8041
5091
4240
401
1146
2890
7749
2002
10873
8921
8027
3251
3072
4802
1054
9702
10251
8595
4703
8362
7413
4254
2327
404
6894
2400
5281
562
6503
7716
9920
3544
4159
3160
3946
5305
6051
3047
9660
8276
969
6687
527
4041
2841
1582
2744
2092
10177
9799
10454
8942
5406
1781
9346
1300
6534
3627
1863
2037
2695
783
7933
6855
6295
3231
3512
3698
6279
2172
975
7248
211
3854
2641
3052
7788
5385
7496
9317
6537
6951
7259
943
84
5605
2243
6618
585
6458
7
5632
9593
7941
1487
4889
2524
5000
10939
8803
9524
3266
7403
9736
7121
10045
4140
6261
6782
637
4579
2319
7588
838
3262
10024
8796
7858
5643
733
3316
8002
6365
1910
7295
7853
9151
9820
4205
9090
7623
2729
1357
6379
3817
10830
5424
7958
6091
1206
8595
10670
5878
7535
2861
492
6559
657
8350
3554
3742
3019
557
10107
7281
7852
9312
5432
9024
2517
5874
8000
7599
9583
3379
416
9413
8803
8374
4505
1361
8321
6527
9591
7208
740
10084
5120
3749
7434
8674
7491
1805
583
6599
9086
10788
4911
5870
164
7429
3097
8164
4028
1680
543
6796
94
9346
4171
6951
2060
3844
4830
651
53
5571
10735
7525
9320
9522
5199
5812
2679
8135
1411
766
10275
8674
8988
10439
7455
1085
7604
483
2766
8147
9632
5212
8846
2803
3515
2258
8999
8345
5261
404
2916
7349
7929
3589
8223
4481
9401
10902
1616
2164
668
3243
10838
1009
5034
7294
2094
1638
10129
7212
1138
8761
1424
1336
2916
4939
5946
3268
2285
207
3672
7553
7556
602
142
4779
5083
895
4682
9051
3059
7702
1294
5250
8711
6328
3896
2158
10319
5377
9370
2809
5491
10795
4145
8407
7086
1443
675
723
1650
6700
8277
559
7302
10771
7690
3737
667
3724
1788
3726
427
5434
328
490
3114
4224
2648
2433
9602
3371
7594
4093
5518
739
3852
1604
2182
6880
2328
6185
2580
1957
6744
1234
1728
3434
4971
2395
7159
6759
8474
9938
3545
154
1780
6659
4379
6781
445
5333
10152
8039
778
4670
131
4630
8626
4665
2862
2306
10850
7794
4263
8946
9028
8344
1381
2999
2091
10892
1110
10565
1182
7007
2072
2962
2667
6451
1095
3112
3136
247
151
3914
7269
2634
10896
4896
7300
2759
9554
7150
10553
2818
7449
10934
162
182
5285
2253
74
8748
4171
3608
4755
6243
6570
7422
4046
7666
1886
7182
10265
4390
2448
8887
7024
2344
5135
3324
7455
3689
1827
9361
6507
9276
9295
9021
9458
3580
2627
884
1328
6798
4492
6084
4393
2414
4858
10791
1432
6745
6973
3050
135
773
937
9511
3117
6072
1836
10573
1113
6015
8934
9973
4291
9581
7994
5101
2161
10621
5985
5842
8771
1829
3278
4516
6595
8136
4307
10380
6233
2632
2430
8720
3405
5719
7232
6523
791
420
8448
1904
6435
8734
3229
10726
7315
224
7179
828
2197
2164
9022
2321
6345
1300
6837
1940
789
145
1320
9374
2777
6102
7095
8535
821
3327
6410
3964
3747
3858
8221
1534
3944
450
1260
2611
674
10791
5791
5224
1955
3814
7545
10652
7466
5734
3944
8255
5879
7617
6630
9
2719
5077
8544
3541
10756
6306
7505
5855
1516
4726
7389
5460
5177
1
10423
8203
10792
5214
2427
4099
380
1324
3751
7847
7059
10047
7454
4290
6664
5436
6651
9384
10513
6547
4277
10269
1853
782
5124
3369
7861
1513
181
4390
1514
10604
3945
3658
7171
8725
7757
7551
10049
2860
6750
8460
1908
3205
1751
8572
8641
8402
6956
10507
3950
233
9776
5803
3368
6253
525
2581
10118
706
9323
2985
311
2268
6643
9834
10993
3401
6385
1395
6261
2136
9855
10521
7693
2958
8094
7686
361
6402
7193
6663
8988
8322
3818
1356
3575
4343
6289
2693
5050
4612
8030
7713
9232
3674
6547
578
9427
4284
4325
7040
6420
3180
6562
5465
8491
3656
2152
8852
10058
9345
6867
8046
6667
10685
754
1594
6381
9395
6640
2783
3007
3670
10496
3592
9696
8395
4170
8123
1679
8495
4164
10452
3027
2078
4917
518
5734
7069
722
7144
7767
9941
6543
5786
979
7297
7381
7360
5693
5373
10143
52
9043
991
5996
7740
9386
10166
7215
65
10013
2731
10517
4393
4809
4435
7263
1895
2856
10338
392
10623
9279
6935
7762
10258
5584
6495
6618
277
868
8113
2682
9911
9104
8678
9003
7490
10197
7571
7556
562
10302
9425
4955
6464
5212
3571
8359
8069
2909
8751
10044
1188
7038
6806
447
1623
2301
9417
4252
5521
6531
6934
4433
4635
6965
4788
1126
8514
1359
34
9076
3014
811
5384
830
6024
8955
9189
3093
864
9293
4489
4404
5331
2648
4851
9306
7301
5621
2559
1823
1152
9493
8608
8139
7810
4748
617
5324
8460
3003
5753
2826
3815
137
3656
9839
444
1845
4284
3660
2490
8773
8064
10174
2773
4268
8480
10075
9889
2391
3250
2393
3237
3210
10532
47
7958
150
7724
7770
3153
2477
10596
9320
4966
3252
8159
7762
7450
1443
422
1292
1569
8486
2818
4342
1754
299
5769
2995
5042
371
5388
8279
3581
4921
10679
2892
7423
7403
10662
1928
1232
10259
249
6198
4863
10760
2960
1313
1204
5734
2606
2773
3220
5424
9467
7327
8075
6589
10322
4470
6960
7063
1749
1894
3336
1428
4786
10759
8831
6800
4039
1415
6059
6640
7613
2275
6401
1925
3588
7605
7659
8546
1730
2232
5323
2549
9559
4750
9138
233
9220
7451
7296
10970
9345
1984
3750
3131
1743
3934
9931
8135
5349
7343
3775
1963
970
1528
6240
4558
9133
2900
4457
2215
5132
9780
4765
6043
5882
5255
6276
4103
1706
4925
6425
51
6909
10175
5534
5
3109
6818
8140
8459
5513
3267
1774
6483
4796
8014
2393
5281
2266
6850
9849
7398
7982
3614
2441
5217
221
70
9320
1928
7347
4745
4331
3256
3920
9866
5613
9382
8036
5105
9193
2549
8373
10967
384
4521
10333
2777
9802
1600
980
8651
350
314
3617
2792
5531
6191
5214
3851
10471
1561
10948
3802
7169
6221
5020
1783
4603
4408
6888
2796
6957
6613
5115
7341
134
4448
1471
1289
6048
2451
1292
6399
2765
7262
543
8297
4805
8109
3500
4276
9670
3449
8078
8191
9670
4451
9974
5625
8859
8215
8421
7169
6180
4888
5862
8667
9336
7333
1308
4385
1136
2600
2136
3902
1214
5031
3551
6019
2140
7051
10295
810
1852
9726
353
2874
5529
1680
8499
5740
9895
8272
4261
7427
2160
10124
5094
497
8809
6402
7234
9946
355
722
2848
3921
5753
8751
9941
7893
4802
588
55
9007
1666
408
881
9547
2088
733
4288
3335
9005
8549
10763
2518
10025
4857
5367
7835
2612
1601
6781
2967
4675
981
9240
10428
9732
8181
7321
5886
122
7376
3893
4140
7784
7127
2688
1225
7860
9328
4560
8217
9229
4323
10735
8255
533
5102
7442
3145
9055
3223
8464
2730
4204
6704
2158
5288
6238
831
174
6360
8207
6420
1852
7344
2547
4540
8569
1759
5220
4481
9976
3450
8805
1064
3057
9338
6166
10499
3835
6574
5074
1299
9304
9278
8003
2815
5918
5593
3646
8444
3305
3206
3864
5158
1902
8763
9698
1823
1874
6271
6304
851
9721
4109
4267
4130
4799
1785
3629
8634
8359
8703
9933
9016
9333
9289
831
4251
3882
6829
1695
7188
10035
7912
3698
3289
8027
2396
5112
9902
19
2769
2105
9740
9230
6372
2870
3030
8157
8851
664
5517
6554
1950
3533
7239
2591
6716
490
8825
2545
4538
7365
3933
3802
63
7222
829
4812
3687
10731
4831
8808
1836
5924
7038
8208
8794
10068
7718
8998
2085
2235
4552
6387
8120
792
330
3836
3634
9155
8733
10524
5521
1666
3326
7936
241
4156
1748
3928
3887
6580
1736
8076
1504
126
7636
1650
10195
4354
10648
3632
8941
6553
1371
8413
9697
1701
1249
2331
2208
9983
1856
7729
3001
7534
7018
3242
690
8766
9522
6930
6698
2610
6358
8202
2737
2994
1205
4284
9701
3205
10268
9994
9758
639
7408
8455
4692
8657
2139
6900
9992
6347
5982
1994
2881
2000
7588
3572
10766
8463
1854
8817
73
8212
6019
5162
206
9576
9446
1259
1782
66
254
540
705
7662
348
7749
7671
2487
3650
9016
8834
9632
2362
3067
2984
9950
6639
5102
7413
8493
2919
9839
8057
291
4001
10616
9867
4800
875
649
4866
3481
3542
7924
143
3890
4673
10167
8729
8323
8183
8915
9307
10545
982
3643
847
9974
8746
10613
9819
665
9452
6877
956
4805
6493
2176
9605
9720
5177
5824
2202
8719
2748
4697
3961
9773
3864
1690
7097
1047
1957
7756
2944
2940
400
6144
4266
498
5757
3085
1163
6561
1314
4472
366
7807
9000
1324
8880
3177
7148
82
897
9896
4779
7210
8669
8644
253
7118
1043
2210
6227
6340
7502
8979
1484
768
9477
9593
6206
10640
5154
7520
6464
5520
6680
4464
6844
4560
9994
2992
4642
2243
4240
773
9453
4262
769
9706
2732
1813
3269
8959
10505
10771
6938
989
2892
7767
10582
450
9760
7088
7970
5224
1608
3650
1041
10805
8210
35
5149
4204
2278
742
4978
3083
5004
5747
4142
10088
9912
7411
8048
9417
9534
6338
1758
1426
3106
3692
1876
1866
10780
1199
9442
3741
7201
1835
5898
6764
4222
47
10968
8852
789
7298
936
8145
4398
5078
7234
3310
3841
4282
4080
2375
1972
8190
6154
7430
3235
10382
648
5367
581
1443
9108
7783
3278
4006
3547
7501
6406
5867
7705
7195
2166
8641
4341
6564
5071
575
1226
264
7209
5306
2640
9181
4849
8794
7964
8084
10528
8612
2451
110
10055
2912
10245
4686
6918
5144
3539
2324
11
244
872
4529
238
5213
2445
7661
8140
3672
7926
4349
330
10566
4882
5179
10712
1846
4615
1592
1811
7067
1702
3218
9979
3299
7904
8249
8443
2795
1926
10807
3040
2798
6688
5630
10363
9134
2291
7503
4158
10217
3204
6840
1135
10438
1020
3199
3637
7987
4792
5448
4054
8846
18
5385
1146
10275
4987
941
2070
6913
3100
5110
1063
9789
10740
426
7923
4384
10281
3433
3601
2485
10273
4737
4275
2645
10288
7912
10633
4080
2360
6039
1927
2379
2777
5425
1654
7764
8718
6076
3677
819
187
4740
10608
2279
7518
9883
6663
9151
2316
1617
2988
3941
8706
7263
6587
7994
4176
6220
1075
6536
3611
5354
267
6388
2131
4273
3152
10849
10350
9181
3020
1889
5273
2628
6520
1791
3863
4536
10942
8531
6153
2930
1473
3859
1546
10412
3205
5722
7984
4280
1258
595
986
3878
6984
3117
10503
1488
5319
9853
10670
8339
3094
4943
2320
967
9087
8535
5503
381
6067
656
5664
9892
6867
7210
9304
10072
1932
6288
5705
5542
6883
9043
772
5219
3513
276
6708
8832
1481
8730
8523
6928
5025
10843
7895
3112
8379
2398
5846
5798
5406
2862
4690
1273
1424
2994
345
5708
9282
8402
250
7517
6446
3375
4089
9959
3651
10797
10143
7484
10879
7666
3412
4904
9862
307
10369
7241
5057
7567
2039
10463
10429
9081
736
853
1075
3434
6561
1709
3188
9163
578
9634
1538
4667
8593
7541
6816
10088
4026
6695
6755
9790
2952
5617
1450
2321
4210
6507
9888
8601
5971
669
6682
9059
3874
10109
1493
10435
3170
4682
10950
3748
5668
3841
10768
5614
382
6584
4702
6760
4632
457
5551
7584
8426
7001
1257
1636
4860
145
1589
10831
3166
8271
8891
7040
9732
1736
8827
1902
8770
8777
8003
3439
3970
10123
9053
4353
8059
5107
2465
1691
7917
10368
627
5343
8721
1884
9332
2582
4381
10921
2413
7547
10545
2656
5939
9277
6745
3766
2532
4515
3896
10535
10306
10218
1010
10711
3571
9069
4819
8389
10761
1736
7757
2740
9431
5479
4625
10115
10413
358
1389
1826
10258
934
6835
5197
1563
2580
316
4095
9447
4212
5982
8754
3430
6992
8465
9354
5062
2284
9095
7175
6372
8204
9915
7156
2683
5892
6271
2096
6251
7660
6275
5509
10946
4462
2058
1510
7042
2374
7957
5489
8938
5292
5595
3721
3636
3061
4427
50
7697
2522
7225
3070
10726
8493
1578
4762
3385
7849
9210
988
4510
6837
8849
6808
299
10908
8318
9693
4634
7628
6535
2573
1920
1130
6294
5556
4191
2073
5607
3241
4595
4184
8663
6673
1677
10241
2787
7415
7090
998
10755
2952
7835
8605
9761
10487
10865
9431
9180
4499
6059
7067
9424
7979
8198
4718
4888
1389
9143
10495
6982
2738
3679
4645
764
7709
3886
3551
6476
10977
4549
6231
5281
3737
6188
6394
5576
6053
4826
6108
1905
10885
2176
329
10217
10374
7400
4105
3115
5543
5952
10098
10634
983
3743
398
8692
7630
3949
6520
9959
8499
1752
4240
3588
10292
10635
9164
7698
6813
4272
9603
6698
6448
9932
8267
8174
8684
1372
290
3228
7324
10388
2862
8308
5483
3260
8352
2113
9561
3873
3424
9412
7977
7665
2000
7269
9652
2516
3967
5465
6789
4922
3515
4589
6207
783
1764
3891
4507
2054
9471
832
3794
3685
9140
9277
6945
8844
2743
7859
1717
6167
6271
1046
5184
8272
8316
3836
10788
3635
653
8929
8558
6521
4871
6117
9656
6635
10008
3163
41
8480
3995
6187
3517
4487
6816
1815
2332
9559
9674
6401
4727
4945
7448
1263
4569
7116
5100
4358
10751
8105
4639
10661
5978
862
5778
4634
9849
7139
7798
9890
6971
793
7429
10488
7633
3246
1303
1317
4157
10977
7718
8884
7275
6518
10148
844
2634
6600
7554
4738
6057
1194
4399
1036
4408
1530
5670
3258
21
2468
4500
6992
5614
930
8832
4599
6528
10136
5916
10685
1465
4986
10922
8740
2857
1422
9585
5491
10374
6139
10229
5431
9685
5981
8819
3094
9863
3490
6352
9884
8310
10852
8228
5276
3134
6060
1227
9662
5196
7143
9348
9014
3482
622
6754
6339
2044
7691
3182
1418
5183
4764
9201
3868
2097
7021
9314
960
1863
7018
2196
1525
9223
10424
6802
1357
5484
10381
20
2033
6525
720
2399
1359
1342
9153
10050
5738
8197
2232
7156
2380
6996
5357
6248
9093
1378
6915
1405
5593
2933
3601
7119
1156
5377
5273
4866
10862
4654
7238
4247
2531
7958
6646
3890
652
7151
2940
6390
4348
7525
4898
6728
3521
10255
4329
3967
2986
244
5372
8579
5529
326
4698
6686
5703
1323
2904
7917
5978
10142
1164
8509
7100
10162
3752
10104
8666
6692
7846
2014
3217
1744
95
9091
999
4424
4410
6337
7020
9782
3917
1549
1460
10967
10587
7164
1291
2491
4081
7269
1633
7598
7130
85
9112
10882
1541
6778
8927
9387
8793
1144
131
8888
1587
3483
4664
5997
9820
684
7132
5089
2233
8592
7409
4173
4756
8700
6664
190
7321
10650
7788
3451
2087
8252
5686
3629
4031
3613
2016
4176
7109
2148
4416
8697
7983
9080
6046
9155
9764
4530
5597
3349
2123
2006
9874
9231
2058
7891
9421
9379
7541
8561
4182
9628
5814
9868
2257
1197
4833
6626
5373
943
126
9789
992
8109
7869
7038
8616
8985
2921
3213
3686
5044
5219
4913
5627
7277
1804
4049
5656
697
3962
1191
10325
1128
2411
3935
2325
7245
10561
10050
8188
2039
8839
532
10148
8060
9922
7764
8397
1843
2330
3436
9239
7549
8349
3867
3827
1505
10268
835
2202
3230
4378
3879
6711
6790
7814
388
5387
9727
10439
4927
3118
10630
5459
2266
10043
4381
1383
9792
6225
3713
2228
4464
2614
1929
10683
6441
3434
9951
9629
5636
4534
3007
868
2597
1149
34
2985
6536
1114
4776
463
4232
6759
8274
6499
8154
1656
10234
6946
10233
5299
527
6049
7913
4808
5733
5707
8243
7036
6688
5231
570
1047
6099
3167
4549
8486
8505
85
9600
2281
2901
2832
392
2527
683
8546
4183
10917
4493
5768
7568
7372
3170
6834
1180
8903
1541
775
7291
10581
8359
7862
628
3458
2381
5177
3296
10886
7615
1896
2168
1868
4729
2560
4395
5412
2459
10931
7682
9304
5699
4250
5676
221
84
6856
476
3977
9984
7768
3558
7343
4630
6539
2153
7011
716
5450
9250
10683
7346
418
1551
1075
5330
5947
8840
10141
8230
5522
8445
5281
1124
3121
5503
3561
1330
5979
7538
314
2747
2449
7657
9729
8988
9810
8093
9704
6612
6343
9388
2959
9113
2291
6386
5795
10590
4226
4937
7820
1100
2382
2102
4577
7856
7605
8138
538
2584
4676
852
7684
7125
10861
6413
7465
1023
3506
6170
7636
9849
6910
10595
7962
9201
8333
2758
8792
1560
7695
7964
5012
1429
10066
9589
637
9023
6727
1175
608
2756
2027
8292
1233
4240
6057
8699
7616
9564
6221
4252
10765
2131
6199
7728
2684
3532
1838
2828
7444
885
10793
3809
2314
1211
2398
5304
10235
478
6479
2195
5586
10859
1839
6819
4099
7896
6870
715
8812
2091
7319
8578
6574
2518
5306
611
8403
9496
3439
4847
10381
5584
8
4047
6796
4759
9351
8383
5237
4831
10578
2175
4690
1417
8994
141
9313
7217
857
7126
660
8176
7056
7235
2047
3714
10198
10450
2210
2637
6649
3943
10574
6658
7990
8722
417
8694
6105
8006
4877
8035
10181
919
9452
10527
1060
10117
6744
4269
8595
9757
3798
4651
5992
5845
8365
5190
7647
10575
10179
3296
3518
1105
1306
2861
1179
4075
2907
7284
1081
7784
4319
2614
8703
5123
2142
1115
6593
238
5385
4188
9995
9183
8840
7339
6380
8557
3881
3027
10485
5413
8675
5355
6518
1334
10568
7698
5409
2475
6334
8843
10259
2006
457
10314
9481
2599
430
5074
5190
8167
9263
6537
6350
9455
2877
4082
9364
6758
7109
8849
3523
7136
5557
1394
8470
5125
9092
5232
7601
6778
3075
9212
136
3532
10879
9618
8484
309
6044
5026
8476
6659
563
6178
5114
5792
10260
5831
3903
8721
6032
7426
7209
589
8820
4680
5715
9264
1264
4668
7395
4339
2880
7531
10223
2759
8501
10059
5420
3546
4085
2896
10205
7001
426
6672
1793
10686
1503
5696
10759
7535
2123
6969
8125
2295
3001
5192
560
4265
9860
7955
10956
4092
6838
10179
6852
4340
591
3624
10238
7028
6521
9443
3029
9299
7467
7175
338
8970
4223
97
7858
8698
7066
7335
10994
10067
1527
2906
5684
2739
2213
5640
6831
9051
7172
2683
4743
7763
6308
3981
6143
4181
4777
525
4832
1244
7700
5170
1567
3275
5268
9425
974
3686
5760
968
2754
9639
6226
8438
1378
8439
5431
8209
6490
1603
2245
2586
718
10905
6567
6861
6438
344
7386
270
3941
6438
7793
5508
9714
2061
3933
10688
5747
1045
3008
10853
2036
9234
10644
5766
9025
5075
2975
6867
6678
7572
9453
7396
9829
7373
5609
5267
10069
1996
7890
3010
10786
4683
8518
9500
9096
3803
540
6195
7200
5900
6049
588
4134
8045
6354
4511
2120
682
379
150
8254
9832
9898
9436
6205
4507
3703
7627
8855
2945
10637
8642
9980
8156
9494
8076
3311
10035
5624
1864
4935
3025
2452
422
70
8807
4933
2190
9489
7664
4692
9095
6497
3590
7531
4054
10449
2587
681
8305
5532
2671
8299
6865
2179
6793
3941
5490
8180
9565
7354
4468
3942
9807
4890
4012
9966
1175
8554
8455
8840
2246
6550
6689
8188
5434
10743
7638
8021
2777
7295
4905
5448
4594
770
7627
2739
4712
4469
10920
5629
3176
4388
9572
4335
630
4936
3301
4157
2491
756
1997
7089
9658
8686
4278
4092
10782
3268
1113
4911
10563
6019
1711
6509
6789
690
9248
2853
5159
520
10835
8335
7260
759
4022
7890
8047
7323
1048
10538
10431
5397
8980
9090
5436
2258
4534
5218
7878
8000
1481
9793
5371
3192
7654
1160
6234
5902
6366
393
8775
8553
81
5035
664
4103
4278
63
2779
5326
10602
2210
2075
8582
300
7511
2192
7187
4081
1422
4187
5562
215
9558
106
7869
2070
6340
5123
10788
9086
5250
8341
9167
10286
357
4622
3564
421
7401
242
2375
9612
2317
2309
1264
9829
6853
8451
2910
8275
1638
10825
10842
196
2283
10063
2267
8624
6538
2055
6710
789
1749
7229
75
4458
3203
5991
7231
10605
6233
958
569
10902
5619
4185
1083
1472
1637
6346
1099
5627
6171
3293
5824
8454
2356
10443
8430
8895
3850
6492
1036
7951
5073
3463
3762
8277
9454
10993
10234
7039
3304
2155
9293
8923
6340
10377
10396
7977
5723
2847
2605
3246
6141
10781
3052
10849
1576
483
96
5426
9327
1132
4730
3401
4595
8492
678
5401
10837
10912
3792
3141
4419
2086
1065
10759
1463
2813
10089
9538
5660
1694
1784
3153
3827
4836
3003
7755
7671
5451
4533
5999
6584
9263
9400
2531
9107
1430
7933
8945
3694
725
1086
8113
5163
4503
7872
6626
7316
6961
7516
4329
7
9300
9834
6186
5489
4189
2941
4512
9641
7475
1863
7577
5738
2615
10108
3846
4045
9393
4143
7739
10119
7581
7204
6634
1085
4077
2261
10753
2390
1129
6434
4750
10430
5269
10936
7271
9458
2878
3135
10451
1705
4999
7028
9795
7614
6137
4993
3012
4530
9136
10751
6001
5718
6956
1636
6803
2385
6249
8908
7127
7378
4343
877
9160
9612
814
7783
10422
6044
10919
9874
7749
7270
5902
6544
6236
1039
538
9248
7922
1026
352
5275
6744
9660
6911
4899
1045
2160
2808
8172
891
7151
9050
10051
8115
1216
6835
7537
7260
9106
8763
4009
7728
3666
1905
2964
7057
4795
1213
6331
5822
1565
607
1566
225
7518
8818
3622
1031
626
3146
4274
10129
3548
3325
9596
4764
1512
8485
1024
1970
6249
7385
9698
1267
643
1663
8324
5438
5228
6008
260
6793
6615
4179
9370
5485
1997
4344
8868
4975
7490
2142
6456
39
5468
5052
4803
9332
2537
8180
303
8786
6917
10001
10053
9912
3016
9730
4351
8244
7090
6963
6389
2705
142
7111
10542
4491
455
8411
9466
7946
10553
4922
10337
7373
1326
6492
8058
3864
6024
8361
1650
4294
9714
3056
3206
4083
4138
7557
1327
228
3521
10069
5285
6015
6180
4827
1859
6636
4590
325
5934
4144
7600
7623
2869
8926
3115
10927
4142
9140
10640
8145
2434
707
201
5640
4790
6691
4550
8469
9271
10423
9890
5908
5438
5071
2087
9649
3059
6678
9975
8993
2174
8927
5616
5043
9205
83
7323
2348
575
9315
10493
3009
10022
2046
2
6164
89
6904
5986
9360
6327
4876
6620
3117
1299
8707
1767
4358
4385
3094
4703
8911
3373
1671
5307
1578
1755
1630
6278
2330
2297
5771
7692
1320
10169
10046
9836
10258
5950
7174
10970
1277
1051
6590
4394
2350
6650
8513
9061
2387
607
2764
299
3980
4436
5606
7911
8543
9588
3189
10873
885
313
9917
4557
1834
8963
3394
1093
3913
10568
3415
5190
2971
1358
937
7674
8008
9450
5735
10395
10058
8499
10694
5390
4287
7652
2301
1830
6240
7843
4056
7126
10508
2973
683
1342
937
6429
4787
4850
8350
10555
10041
321
913
2330
10347
8921
780
5082
10668
2190
4934
1715
9933
573
9367
3586
2404
4608
429
6460
734
2289
9433
3769
3632
1722
10199
10771
6573
7549
10326
7966
10222
239
10296
9570
512
76
6004
181
4619
2290
1896
3552
2864
2615
7138
5268
7223
7568
3080
10309
9857
3865
3079
4841
5588
4630
4613
3513
3531
3939
479
2753
6531
10775
3675
9395
2203
9680
9576
6822
3322
2824
10374
6186
5440
6513
2806
4015
5433
5886
5677
4290
1104
8756
484
9044
4738
7449
1557
8269
2740
2036
2374
9271
4163
8402
7667
6366
9434
8595
2189
1756
2772
1563
7943
10564
10428
10749
3579
4861
7988
9256
504
9092
9364
988
7136
5454
8437
45
5075
177
2081
9802
801
8596
7204
10820
3962
5638
10767
8503
7394
2539
10067
6689
2103
847
8791
8035
5709
5779
6291
6213
6223
7008
9553
4711
1462
9342
4756
6538
871
9189
5340
1672
6785
3896
3844
10747
9534
3612
8251
8280
6151
9670
6322
10607
10517
4113
7642
7578
1244
5285
2791
7467
1293
3696
1178
5108
2038
8286
2998
2910
6475
10690
6934
2260
3586
2131
4359
4472
5743
3962
4104
3246
4984
10426
5205
4502
5891
1847
3432
7135
9485
6224
3602
10778
1272
7132
7238
3311
4418
10236
8573
10893
9926
6859
4505
4864
8990
217
9336
6085
4179
4793
9332
9164
4219
3537
5018
1463
7737
8450
8598
6222
6026
3553
8352
7299
10685
4591
1962
4104
6179
10535
6349
7458
6394
2207
3674
6737
2424
2011
1822
6603
9156
154
7119
4727
6044
1137
6190
2781
940
6141
355
6966
9694
59
5617
9379
4650
7579
4835
2182
7114
2537
992
4861
4744
4666
598
9520
9029
2420
7475
7185
4927
3595
913
10971
7084
9455
5104
10376
4596
7811
6343
3290
7870
3312
4022
3873
10892
209
6055
9358
2746
9399
3219
9842
3065
6169
8362
3447
8590
7190
10632
4869
10785
2897
4840
9221
1353
1296
8598
8301
9107
6293
592
5977
9605
6966
1202
9497
7175
7257
7856
1274
8008
2427
2468
74
8597
10831
3521
8539
7021
5505
2408
9158
8403
9600
9731
1108
10896
7329
9409
355
4974
1353
8684
3580
8319
9887
4429
6847
8496
3637
8121
5505
6065
10589
7931
6014
1772
2804
3553
145
8309
5961
655
8064
4561
10387
9172
6809
6716
9934
9516
3043
287
7200
6623
8607
8439
2404
4454
5936
6042
3927
2793
3459
3516
10724
9473
7641
2528
2026
7786
10837
10339
8442
10254
6252
7829
8426
4413
5897
7360
2929
8940
7648
10129
6915
7607
7569
672
3413
4857
6714
7340
7650
10173
10856
9726
10998
9849
3606
2024
6636
3443
3715
6430
2697
9967
3259
2476
3380
508
1188
8661
801
8836
7790
10068
7795
6711
10740
208
2920
6454
7548
1922
7979
9757
648
7977
8606
4254
1353
4242
10050
7420
10672
4099
8739
5283
8927
3471
8144
10116
1132
8945
10304
275
8013
7100
9338
7754
7308
1259
5560
6209
3181
2540
4966
6182
1869
2572
10436
5575
9167
838
1995
191
4938
10735
5475
2865
3206
2619
4333
6691
2916
3638
6966
10929
10738
5304
10035
9398
6563
4596
4607
1097
9488
9573
7279
357
3498
9067
5932
1665
9906
10280
1856
6196
1367
9683
9061
4573
3654
4747
2616
6570
8385
9582
8852
8123
6239
7887
6521
1802
1483
129
5251
10971
1054
1530
2681
4552
10598
8613
6217
9504
10245
10426
4700
612
461
5113
7538
4116
9860
10154
2038
7245
89
10890
6720
6328
7778
4594
10482
9261
7075
4734
585
8129
8616
3266
4034
8214
3231
1603
9070
2477
1029
5122
5441
1491
1588
1979
7959
448
1134
9997
10046
3575
9888
8118
9903
6666
4064
9385
7279
139
5471
7864
10621
3088
2482
3655
2654
5714
5258
3077
10543
8640
8199
4984
1483
9787
6964
9442
1588
10450
10791
2986
3025
9679
2456
4280
7697
6521
5017
6329
9012
1841
5545
8633
4929
8028
3640
9935
2742
251
2012
4637
8891
1564
9621
1726
2703
7937
2520
6643
9739
2311
9629
4116
3343
3438
8396
2392
9959
4766
8721
10323
6607
3267
7957
2888
2647
597
1823
7741
3200
6188
1378
3443
7752
2351
5169
1807
10289
10041
8451
9028
3705
9432
2145
9400
1870
1893
792
3181
6659
866
2505
2266
6485
1814
7506
9132
4763
9330
5873
7964
6870
7251
407
5974
9602
5577
7781
243
6970
5232
9272
10675
6017
2769
9075
7887
4662
9868
2421
2674
2086
7278
7292
8571
9092
3799
6703
2855
4481
1576
10819
351
179
227
6325
9781
8156
3106
10025
4126
10691
10649
3802
5708
4770
4229
4947
9432
5449
7368
3458
7535
3646
10751
5106
4090
5902
809
6946
10383
4737
9117
10734
4916
696
8411
6050
8852
2869
7427
4331
2560
7076
10485
8268
846
3714
4568
1630
516
936
7441
8051
6935
7192
4510
2377
4446
7671
675
3829
1409
9793
5915
8677
1841
5678
3727
10694
8547
154
6377
108
7230
8214
10728
10428
928
4296
3411
1444
7585
10852
848
3520
9396
5358
5897
2842
2029
8925
9023
5790
7718
6290
3468
9559
968
7195
605
9515
7350
9334
9623
5932
6548
704
7713
9829
5000
124
2625
1585
2328
3473
7457
724
8831
4707
5918
2213
2632
3941
8003
1702
10231
471
261
2551
7667
3219
1066
6369
1553
2042
3653
10454
2746
2718
9283
10098
2842
908
3036
5170
4382
10493
8246
4565
6552
3164
9130
9184
9457
6134
10886
40
6605
2500
2591
5624
8071
6010
3345
976
8052
9351
430
2150
1069
9713
1248
6264
10622
6636
434
6356
6130
33
2273
4034
5549
404
2219
4007
6538
4457
4047
4495
9309
8991
1472
6380
4001
7169
7357
3405
5520
10139
5555
6590
8853
9155
1854
10827
4792
4640
6183
2274
7025
8456
6308
1575
8860
10879
5582
6750
6689
981
246
4998
9972
4070
2731
5325
239
1440
8730
8112
579
5637
3702
9432
3793
7908
9259
10937
3900
6794
4563
10926
6603
2223
1501
4463
2103
9435
2566
144
10416
5164
5142
741
9234
10225
8418
825
665
6149
8937
3597
786
3991
4381
6931
3251
2641
9220
7152
787
5135
9430
7390
7359
10931
3206
814
718
5772
958
2486
10936
8452
3227
522
10030
646
1347
10695
9147
10285
5644
1285
5628
10026
10569
8880
4019
141
5032
4806
5277
5814
3549
3988
8097
6755
4802
8815
3879
8112
301
6167
7916
5881
6689
6946
8879
10388
8994
9378
1025
3638
10663
6654
2664
1584
4534
6683
1726
918
2842
9355
6732
6391
2343
3829
4498
9497
3996
10729
6609
4297
5896
5877
1530
3937
1824
10409
5677
10818
8787
6703
5808
10803
2357
10825
1387
9243
6508
5465
1513
702
3820
10597
9445
8515
5778
2943
7012
9774
5024
4973
5423
2272
10851
6954
6209
1675
8715
887
3845
6503
9942
9653
8658
3651
9478
1397
1894
7339
6863
5759
10393
10683
5356
8839
8199
134
3134
6563
1260
8159
537
6683
10431
388
2637
7993
2063
353
232
8260
9208
10174
9265
9218
2825
10096
10615
7071
8787
6478
1830
8180
8514
9538
6019
8065
1024
506
3628
2284
17
4165
8967
1800
6905
605
1145
320
3310
1377
8580
3870
2903
9198
2088
5728
8294
1703
4151
6081
10534
8333
3261
8048
6871
633
7465
7895
3491
93
10179
3508
6611
10499
5308
4868
2456
6454
5189
5766
10183
5121
988
2087
3319
3076
10167
613
7131
3319
6694
6665
652
1308
6065
7524
4293
2530
6771
7784
4976
8303
292
2939
7802
7952
7807
1610
3406
1996
9728
4942
9470
10716
7029
1789
5144
6196
2403
1275
867
449
10293
1520
4109
7710
396
8402
1593
9519
5186
6569
6822
7830
9508
5976
4783
8667
9938
10541
2016
8666
4483
486
8382
2864
2275
2526
9061
7030
6154
1280
7480
7799
2800
2941
6861
5548
344
8454
4068
5530
6375
2242
2361
7235
10571
7144
4903
9509
9037
6919
7176
2521
7405
6910
5385
1032
789
5798
8063
9295
7079
6895
6094
1231
9836
4307
6780
1532
1762
2200
7063
8137
4442
776
4373
6365
10272
628
4875
8309
7547
3403
10830
6304
10313
7568
9688
2454
4718
9103
749
797
7350
9195
2029
8539
2503
161
10071
6617
2361
6134
3754
9155
9262
10479
4521
8534
107
748
5844
10006
6503
8026
7662
8168
6946
6351
10623
665
4454
372
3814
805
9568
8195
9344
3423
8356
8415
10040
2069
5902
5146
225
4164
4626
7098
4051
7085
7846
1247
6092
5701
625
5106
2869
7572
457
2492
10589
4912
2865
3403
8069
3785
599
6413
9560
307
6180
8600
2377
3434
2746
2602
9951
9724
9700
3002
5810
8898
4249
3254
3599
4874
8360
6468
3798
170
313
3387
5082
3178
9143
4503
9315
9742
2268
7875
1401
8448
7827
3778
883
10573
8732
2186
650
9784
5188
6460
7682
789
1066
2633
5663
778
454
814
948
767
4201
8382
6297
4696
1885
6964
5790
4153
3839
7192
3954
666
2322
7189
2591
55
9375
3241
9839
5915
1053
8874
6704
2119
2859
3719
5250
3313
4533
6198
6432
87
5933
1729
4783
7818
8693
1926
3324
3884
9118
9630
4550
440
5819
9494
495
6546
1735
1687
1461
2789
10561
10517
7260
2420
3236
3862
8086
10122
10061
3518
1561
4994
7600
8696
4164
5293
10622
9840
530
92
8470
7432
533
5641
5926
3380
3539
10014
7419
7352
4155
6980
6869
415
753
1458
4278
191
2932
5691
3709
4493
2037
309
4541
8553
7955
4164
7394
8485
4256
7216
4917
7141
1858
10844
1874
7749
9858
9293
4102
3013
7626
2323
5780
10731
3781
1410
10922
9065
9453
3631
2558
490
6293
7100
9044
5600
2616
7790
3085
9224
4006
10354
5366
8216
10198
9592
4966
408
7885
420
5773
4511
2743
2906
6594
8877
6668
6516
6942
5122
1500
853
5612
7793
7953
6008
2393
1921
2798
7830
145
6805
7184
7863
6373
8735
6455
339
495
5693
759
6269
1556
5855
527
8151
3732
7195
3667
2026
1317
5167
2879
9282
4312
2184
6642
9057
4105
793
5887
6603
9950
2072
3466
5323
2159
1274
5663
2654
9319
8774
275
10875
5981
802
8026
9713
10350
3046
740
3019
10565
5971
1301
3878
8156
10296
4287
3613
89
10175
10216
10039
3599
5035
4362
5758
8661
1377
10764
6980
1504
40
6855
7485
3194
6234
8551
2544
632
9291
5564
197
6614
9217
6427
3770
8513
10715
9736
10954
1242
304
9993
4841
5339
5708
1951
5352
7085
4067
3684
10941
4107
1892
7427
7302
8126
4978
1198
8758
5621
6762
307
1235
4980
6735
7358
4845
6450
6094
4800
7692
6398
6145
3885
3090
853
8188
8442
10291
1255
1127
10232
5363
3019
6659
4017
2497
2989
5215
2607
8610
3330
5266
1198
10662
1001
8556
4507
9803
3650
659
8847
1400
6805
1732
4490
10010
9920
4285
9301
176
7764
10886
7891
2135
8897
3260
6984
887
8475
9591
849
805
3857
2047
2819
7211
10603
7327
6014
5605
10338
3862
7006
6143
7946
496
7506
9219
7133
8159
9395
3897
8045
8638
8384
5943
898
4368
9182
725
2959
10031
3883
9169
1079
6702
5380
3034
5381
2746
8640
4720
8960
4646
2215
5907
7494
9721
4126
5980
9233
4873
9877
6278
4863
7262
3573
8113
2982
4107
8838
5942
3139
4073
6463
6570
2128
3195
956
7509
5941
9596
3581
6254
5594
5797
1161
4441
6870
7639
10421
5103
1512
650
2734
6375
10264
8659
3488
2247
1767
3678
10541
7258
10104
8356
5180
1232
551
6136
93
8844
7085
3675
4098
4031
824
7611
10824
7694
4250
1597
4150
5762
2248
9236
3489
3864
6895
9329
8463
14
4360
8004
7272
3464
5360
3804
7048
8263
9941
7141
6108
8378
2168
10206
3761
2992
9170
3586
2039
2420
5183
6189
8183
9783
6777
3024
2648
2672
1354
111
5039
8066
10468
1311
2882
7180
5116
9930
4444
6409
8423
10552
6139
10592
1110
1252
2584
10280
4838
4623
4053
1374
2164
3588
157
8941
6612
5157
2966
10318
7621
8005
9736
9441
668
1618
5621
5784
548
10065
3545
8972
969
1036
8564
4432
2289
2500
6064
9479
7124
10117
10853
640
5057
2363
9582
670
9872
3900
2340
6493
905
1077
4934
1573
2695
1908
9710
5596
3325
4607
3568
6647
7996
3484
79
10285
8336
8495
8764
6812
9965
10970
7453
4022
2333
8387
7044
1205
1287
9385
10051
4544
1814
6337
6117
4509
8245
7179
10105
2923
3139
5025
9570
135
10861
9649
10420
8198
9496
10536
4010
8461
10506
463
1484
4191
202
8528
7749
1489
9265
6800
6033
79
2137
3503
4589
1735
2034
6046
4658
5173
2424
3228
7660
2285
4229
9432
10483
2725
321
5846
2539
2179
6309
4023
6371
6512
3903
3120
10353
2169
1272
7739
4600
5761
2594
9189
9848
4628
6588
3506
1154
9012
9086
166
2649
4667
9599
2133
9745
9920
7979
1284
1099
5640
5307
9822
3504
562
4294
5210
5083
5566
1949
9684
2680
4543
10225
1528
523
5813
7387
4029
6177
7825
6548
8827
1493
5147
2312
238
6419
1643
1522
7518
9635
9181
6341
2140
9743
1987
9702
6179
7554
651
4863
10234
7546
4088
3114
10421
1254
10501
5803
7431
7327
1351
7610
8820
8850
9922
410
4269
2917
1932
787
1553
113
9480
6045
1208
468
4747
7387
10374
7750
3602
960
6648
7691
4074
6069
297
5928
3224
10080
2255
4575
6691
2427
2425
7965
2837
9046
2235
7121
1186
3788
9586
2018
1185
2146
4838
8284
886
4212
5034
4488
7524
682
3531
599
9103
3828
8879
1328
2909
2486
8255
952
7265
2033
8917
10102
79
2504
8575
1265
6292
7161
3284
9829
659
8122
7113
1545
3687
1147
6034
211
4181
9565
3162
4637
4746
1041
5965
10007
5879
5572
10959
2144
7605
228
3598
7685
2733
1173
302
377
10686
5938
10207
346
5413
8672
4243
9100
1172
10277
663
5353
195
6178
9990
7293
9571
7307
6300
4451
1880
8611
6595
9485
8839
1546
8522
2924
2719
177
3302
4758
8467
4861
7456
2880
2533
699
3332
3705
2329
6348
411
4876
1526
10401
1169
97
6709
9821
6900
10941
7432
2496
778
5271
6394
9301
10548
9113
830
2850
5223
9297
10063
1679
1178
1596
4731
6862
5302
7060
2210
5713
3288
3736
7466
4457
6186
5527
3278
2086
5468
2062
6934
8599
9685
2328
9252
9233
2794
10082
3435
8017
10731
2498
1049
3261
4095
8132
10124
749
6544
1334
8814
9832
7423
5280
3289
2609
2160
8919
7047
9980
10981
2982
7579
1018
5310
5831
10252
10456
4913
2687
9826
6997
5186
2227
10258
633
10359
9382
1382
5903
2069
1548
4735
9492
9180
10376
3453
340
10647
10500
10321
1980
2482
9252
2998
10145
4084
2250
953
349
7290
10779
7346
3828
2006
6605
4461
3717
7339
8195
9620
9408
9743
5707
7900
7923
7435
2705
10616
9434
2206
9937
414
7040
10541
5765
6185
5977
8015
7139
8679
6657
9270
5025
10485
277
2982
3946
6346
1674
1141
4967
82
2236
2026
10335
10160
814
2040
9776
10248
6598
65
10663
2639
10606
5428
8824
7936
4795
7315
5615
2805
5586
1992
2290
8215
4975
8589
3561
9001
1082
10880
9083
3319
4259
10770
2479
5073
4163
3607
4321
10761
3672
6336
2400
5630
764
2577
2566
7912
9892
10533
10717
6830
1526
4359
6397
8853
1948
1311
6854
3031
3543
4937
6350
7802
7060
181
1875
223
3788
8549
10984
9812
3885
2385
6794
4650
7314
713
3914
6206
246
5983
4389
1772
10342
2138
10625
3643
5801
6479
6674
9345
2769
4376
6147
1181
4557
10375
1404
10697
7924
1388
861
809
6125
7655
7811
2439
10720
725
10998
10967
9060
6739
4091
10755
229
6069
3398
6031
3900
10072
4376
6669
5800
1875
10202
1709
1250
606
1406
9174
4347
4619
1336
1824
3626
9147
4264
3347
1225
6614
3314
10285
2353
9757
10040
2582
4826
4790
8613
8727
6214
4341
6748
1014
6217
5951
2723
7467
6557
6481
7994
2256
100
9330
4081
6079
7477
10697
9426
54
6311
4092
1692
16
2849
3084
4950
7676
7875
4916
7755
3089
9257
3503
4104
6826
806
9179
3294
9716
7013
2640
972
9465
970
5053
4544
10799
4750
2970
10854
2413
7062
1546
2429
9912
4630
9732
8940
3857
3648
5695
6947
4257
550
2403
84
1357
582
3378
73
9947
6018
3397
8413
9340
8451
1957
9139
4553
7280
345
6967
5694
4243
748
4606
226
10480
4898
4083
3128
1945
30
7386
4848
2433
9822
6205
5368
2200
8630
4315
10570
1027
4080
8910
830
8390
9401
5384
4670
1099
3703
10364
5342
4451
6323
5568
6284
2573
9652
9412
4519
1034
8150
9367
5820
6972
6924
188
524
4554
6855
2446
7933
10936
2708
8764
8326
1110
5500
4348
2209
555
3712
9903
5006
10035
4472
290
3961
5476
1055
8480
6510
557
9199
3682
9882
5123
3870
10406
1029
2078
1853
8962
4366
6913
9078
1692
10375
5930
6040
1584
6485
1104
2840
2844
2492
7312
5486
6453
4140
6541
6285
2002
9451
4484
5685
8333
959
9555
10091
1988
2985
3296
2302
7351
10210
2733
395
9585
8663
6435
2522
6501
9892
5362
9345
3736
4026
3831
10189
8166
10373
5474
10168
176
1310
4853
8509
2269
5761
7600
6609
8746
10897
263
7450
10107
2996
7845
8692
3012
5633
2566
9513
4525
7928
10210
8261
954
3041
9802
9120
4766
6628
10641
4942
7938
6846
4803
1559
1607
1404
8168
1706
3653
10783
9156
5112
5132
6001
5156
8144
634
7723
9009
7511
4651
8219
4772
5606
2612
5926
6078
7379
1554
5719
3673
844
1566
8477
2403
5525
9881
1923
9583
4886
1707
7739
9998
6839
5093
4154
6335
8079
877
6696
4591
5529
6267
715
2487
8879
6642
10917
5258
10548
7989
284
393
907
8761
2796
6432
7642
4720
5016
1528
8779
4107
2878
6970
9200
7032
2305
6280
7910
353
2223
4791
6620
2938
9630
4499
932
9547
1110
481
6536
1394
3226
7443
10155
6022
2876
9149
2094
10244
2029
10873
5703
4907
6843
3904
3291
500
1536
201
853
6111
7344
7473
401
5974
3325
1334
4522
6787
4167
58
8181
9745
9854
9688
4767
4082
10189
9214
3326
3570
439
9029
10829
9635
4285
3120
10135
8173
5674
2341
3284
2018
1166
3686
7993
4491
7372
1515
278
2891
3925
10811
1636
2779
851
8755
6861
2392
6969
1539
5962
9761
10569
8143
8396
6206
264
7531
3380
8290
1224
9016
10308
2391
1702
7301
9234
426
168
865
3317
4094
3028
7305
9225
3880
7413
5087
8624
3382
6626
5939
2143
8547
3082
1891
6106
5698
775
9486
2988
1999
7502
2297
6742
557
950
4977
983
3471
5842
6653
9917
8870
5310
8142
4102
1723
4581
1727
7458
2560
10018
9601
2459
2100
493
8565
7799
3620
7051
10787
5619
5906
4436
1362
6463
7739
6339
9798
210
3533
7803
10127
3755
2114
7269
10210
3837
3203
3289
295
5763
2307
1249
8222
4407
4094
8140
3558
7714
4191
5698
4685
1449
1486
6047
10264
9225
3738
9063
9435
7271
5866
8562
2379
10332
7184
1589
3170
1739
4878
5817
9854
7185
9418
7076
592
2512
4216
6503
1578
10760
1201
6264
3561
2687
1311
2826
913
7402
889
1700
3673
9107
1615
6052
8440
151
9993
2962
1890
3871
131
744
56
9550
10172
3001
1062
5741
9504
4993
7853
2057
257
414
4744
3920
3240
8009
322
6481
1062
6348
6941
2677
3752
4381
2828
2746
9695
7070
6617
9826
10166
6674
8376
9338
1027
791
6431
10531
8136
3284
3940
8393
6051
36
3665
643
8046
3988
7125
460
10336
5418
3137
5440
1151
8317
8186
10846
6739
3804
1024
5905
1830
753
6595
2857
3896
4379
4740
1032
7663
8680
777
5066
68
4442
5710
10466
10782
4187
10926
1470
9605
5415
6911
10756
2732
4097
1954
823
7901
2978
9080
1083
6083
4676
3940
9979
9055
32
11
8070
64
3140
4489
133
7583
10199
10599
7365
5738
1878
188
6695
7293
7099
8803
1378
196
10757
2201
10450
5087
282
533
171
7310
6826
10150
5365
9210
1514
4787
9275
4654
9276
760
3589
10827
2711
2307
7917
4589
2495
3612
883
9594
1415
2261
1142
3524
6814
592
10964
7096
3478
135
3406
1656
1637
123
10866
3151
7263
493
10158
7891
3605
2747
7719
6317
7406
6988
2258
9901
1953
5493
10847
5720
10106
990
9245
5921
1582
9209
4369
7412
696
10128
9068
2333
10251
287
7837
8866
3132
9347
5758
6738
3446
4829
4407
10853
817
9017
1106
2770
3511
954
10843
4969
1944
9088
2242
5878
9649
6612
2291
1697
5740
2711
4030
7343
5350
3219
5210
8483
1566
2320
6573
7365
7149
2332
7218
10318
349
8324
4441
6212
9278
4284
182
2574
4724
2424
8453
3373
388
2096
5070
6128
4807
452
4824
1510
6024
1386
9993
9942
3706
5566
6307
2207
7898
4877
1525
10599
4554
8318
5812
5184
1602
8346
7759
6326
2122
5212
1051
2511
7308
8473
10991
3467
278
7167
4977
6302
8553
6322
5244
3611
3240
2904
5818
138
7781
7344
2090
1335
7014
10254
6520
8617
7600
3279
6295
1074
10843
7347
3585
9503
7172
5929
4322
7450
2096
652
2752
2002
6974
10349
5613
10215
2253
432
1705
10034
10128
3795
2722
6142
3049
594
6111
2001
6225
1407
3076
6068
106
9013
6923
7278
6294
245
6081
10743
897
8833
1745
10224
10534
9710
9439
1787
10142
2496
3174
622
